1580239911
(1093.0, 0.0, 105087.0, 303.0)
1580239912
(1143.0, 0.0, 102777.0, 316.0)
1580240095
(1320.0, 0.0, 95111.0, 365.0)
1580240096
(1185.0, 0.0, 100714.0, 328.0)
1580240097
(1164.0, 0.0, 101638.0, 322.0)
1580240104
(952.0, 0.0, 112163.0, 264.0)
1580240105
(999.0, 0.0, 109615.0, 277.0)
1580240106
(1077.0, 0.0, 105724.0, 298.0)
1580240107
(1053.0, 0.0, 106900.0, 291.0)
1580240118
(1317.0, 0.0, 95209.0, 364.0)
1580240119
(1182.0, 0.0, 100816.0, 327.0)
1580240120
(1072.0, 0.0, 105937.0, 297.0)
1580240121
(1168.0, 0.0, 101432.0, 323.0)
1580240122
(1074.0, 0.0, 105830.0, 297.0)
1580240123
(1061.0, 0.0, 106471.0, 294.0)
1580240124
(1141.0, 0.0, 102673.0, 316.0)
1580240125
(1189.0, 0.0, 100509.0, 329.0)
1580240126
(905.0, 0.0, 114762.0, 251.0)
1580240127
(1096.0, 0.0, 104769.0, 303.0)
1580240128
(1180.0, 0.0, 100919.0, 326.0)
1580240129
(1009.0, 0.0, 109067.0, 279.0)
1580240130
(937.0, 0.0, 112949.0, 260.0)
1580240161
(1080.0, 0.0, 105511.0, 299.0)
1580240177
(1021.0, 0.0, 108413.0, 283.0)
1580240178
(1004.0, 0.0, 109286.0, 278.0)
1580240179
(1111.0, 0.0, 104032.0, 307.0)
-----------------------------------------------------1580240214
(756.0, 0.0, 124218.0, 210.0)
1580240215
(903.0, 0.0, 115105.0, 250.0)
1580240216
(1070.0, 0.0, 106257.0, 296.0)
1580240217
(913.0, 0.0, 114534.0, 253.0)
----------------------------------------------------- 
1580240237
(1149.0, 0.0, 102466.0, 318.0)
1580240238
(1035.0, 0.0, 107979.0, 287.0)
----------------------------------------------------- 
1580241269
(1355.0, 0.0, 93653.0, 375.0)
1580241270
(1338.0, 0.0, 94331.0, 370.0)
1580241271
(1338.0, 0.0, 94331.0, 370.0)
----------------------------------------------------- 
1580242262
(1104.0, 0.0, 104137.0, 306.0)
1580242263
(1264.0, 0.0, 97083.0, 350.0)
1580242264
(1361.0, 0.0, 93267.0, 376.0)
1580242265
(1163.0, 0.0, 101432.0, 322.0)
1580242266
(1172.0, 0.0, 101021.0, 324.0)
1580242267
(1102.0, 0.0, 104242.0, 305.0)
----------------------------------------------------- 
1580242326
(1134.0, 0.0, 102673.0, 314.0)
1580242327
(1123.0, 0.0, 103194.0, 311.0)
1580242328
(1101.0, 0.0, 104242.0, 305.0)
1580242329
(1139.0, 0.0, 102466.0, 315.0)
1580242330
(1342.0, 0.0, 93943.0, 371.0)
1580242331
(1159.0, 0.0, 101535.0, 321.0)
1580242332
(1208.0, 0.0, 99390.0, 334.0)
1580242333
(1208.0, 0.0, 99390.0, 334.0)
1580242334
(1103.0, 0.0, 104137.0, 305.0)
1580242335
(1152.0, 0.0, 101845.0, 319.0)
1580242336
(1239.0, 0.0, 98081.0, 343.0)
1580242337
(1125.0, 0.0, 103090.0, 311.0)
1580242338
(1105.0, 0.0, 104032.0, 306.0)
1580242339
(883.0, 0.0, 115679.0, 245.0)
1580242340
(947.0, 0.0, 112052.0, 262.0)
1580242341
(1037.0, 0.0, 107331.0, 287.0)
1580242342
(1132.0, 0.0, 102777.0, 313.0)
